4.026832156866395618e-01
-1.383250058522684373e-02
3.832871210019483388e-01
3.900620073062263105e-01
2.630772643106694675e-01
4.086248903465463655e-01
1.012497036178194448e-01
5.778082028588998886e-02
-1.431026723585772376e-02
-1.278111237173016057e-01
2.486260623210004572e-01
4.301024786586096077e-02
2.602109725665429849e-02
-2.073988347200621599e-02
-1.461346256832240231e-01
-1.217272892047360083e-01
-1.528763239614256142e-01
-7.992891220914526140e-02
-6.331673818501092066e-02
-8.172601061775980336e-02
-1.075026936823709756e-01
-9.673800733949951269e-02
3.403593999492160373e-03
1.738553655863439920e-02
3.227893802625155240e-01
2.388046832263433505e-01
-2.336462881136895098e-01
2.977929839046085658e-01
-4.125833056553902811e-02
2.885905707425434619e-01
-1.102931626163640710e-01
-2.242247781355906910e-01
1.359923139961307335e-02
7.949873899591611837e-01
-7.897003489935190690e-02
-5.676018968349273441e-01
-1.335400155998258120e-01
-1.187757648304946512e-01
-1.557534381072762375e-01
-9.453861720965409804e-03
-2.035176127359324821e-02
3.834176899368488822e-01
-9.513083553940628045e-02
-1.543305441930346855e-01
-1.229408049253991886e-01
-2.779460598845798214e-01
-6.855033636366822392e-02
3.328197920795012976e-01
4.807886734256330147e-02
4.715006296030377353e-02
3.231381253065618298e-02
-3.753683714841061364e-02
-1.467695249793052881e-01
7.134553103537836227e-01
-3.390503019058326295e-01
-1.513630930643859451e-01
-4.048102226271449999e-01
-2.542254396897615232e-01
2.293493783915971362e-01
-5.220136781577574409e-02
1.886734872793674467e-02
-1.599983845506761648e-01
-5.260245827741129310e-02
1.525708804469526336e-01
5.599708063777884999e-03
1.081647274599790813e-02
9.712074982008527240e-04
-3.496538394537571787e-02
7.191766360868437065e-05
-3.980312295262371930e-02
-1.637960153112651834e-02
-3.630224815270565591e-02
2.671983882965569407e-02
3.297931404830018592e-02
2.223273476428854964e-02
-4.105076806735425462e-04
-3.247791110523951669e-02
-2.476526024668190482e-02
-4.524886877828039090e-03
-1.324766527205407766e-02
9.466873805208490811e-03
-5.379653890173338553e-03
3.094830933498060599e-02
3.445777778596390006e-02
-1.825716001047641372e-03
2.077881934305206985e-02
-1.623783919605704604e-02
2.833393459224230193e-02
-8.664598283448008906e-03
-1.112265596412197605e-01
-3.168978402926053706e-02
-2.170548420120916450e-02
-2.147995177003530001e-02
2.246424176745543191e-02
-5.339774713310062315e-03
-2.177453828909711384e-02
-3.378423813829978944e-02
-2.686632844729629124e-04
-4.799001080439251402e-03
4.110233057388640310e-02
-1.337183358132207345e-02
-1.148157678851443805e-02
5.506778855475941842e-02
-2.512758304978156276e-02
1.741717355207160131e-02
1.396864135830927327e-02
