-1.357385455774627325e-01
9.721949491775452520e-03
-1.197355455047923317e-01
-1.249026429872587968e-01
-8.680763824639753379e-02
-1.270013129956460707e-01
-3.117350682337078835e-02
-1.976098569240418781e-02
4.549475676551825720e-03
4.839571983199670441e-02
-8.100417253781355686e-02
-2.153682438346766342e-02
-9.091175901037338442e-03
5.291966771867179058e-03
4.328636977478834275e-02
4.075581508149898891e-02
4.308211344778119928e-02
2.533300476083039099e-02
2.190474560481698793e-02
2.447657941990300651e-02
3.645087913753230352e-02
3.272215768898069366e-02
3.093388995746353484e-05
-6.554124468063033358e-03
-1.001860034907030433e-01
-6.992648388824050654e-02
6.857237039924392319e-02
-1.004585147587545579e-01
8.967619943549130779e-03
-8.181600839669143921e-02
3.865639355766196938e-02
7.315048629324727436e-02
-7.919111304489783593e-03
-2.454495157900314362e-01
2.358933467105096826e-02
1.745024202925720136e-01
4.245504299798642106e-02
3.081600136042208019e-02
4.943386889455930050e-02
4.389976094569222648e-04
1.188294466674261023e-02
-1.208804813558402164e-01
2.919843267490435448e-02
4.545008384701712534e-02
3.774217742518179430e-02
8.943980263554496268e-02
1.205791129093867521e-02
-9.933282636595201776e-02
-1.746100774347283946e-02
-1.703415156840300260e-02
-1.759427600788820642e-02
1.340479495359066416e-02
4.349352274944203595e-02
-2.223692607486266459e-01
1.015397593393994463e-01
4.302213198917641951e-02
1.291184845291535044e-01
8.082335452755283478e-02
-6.691887094848060491e-02
1.475342987832459901e-02
1.176494375414383406e-04
4.613350925938587005e-02
2.137960865690542028e-02
-4.825170962813603998e-02
-1.404211664535206855e-03
-5.061911363998610434e-03
-8.597092713489766155e-03
1.543202179824010832e-02
1.841579906504789291e-03
1.579125121357820988e-02
-3.686278093637355546e-03
1.473961723941429221e-02
-2.488995982158830316e-03
-2.096863665981476155e-03
-4.014024298637930942e-03
-1.038136481445629637e-02
1.477925772882982859e-02
-1.662998796728181914e-04
-4.524886877830460764e-03
-2.340198118941597550e-04
6.209317577856363459e-04
-1.482417983705782392e-03
-1.194439986601081999e-02
-4.998365837735010107e-03
3.522884741365338475e-03
-1.750405963250238704e-03
1.231394937322221987e-02
-9.214627506644050906e-03
7.315120128190406683e-03
4.069888282897887732e-02
1.092705440034662766e-02
3.169319509706174272e-03
7.415365363981668741e-03
-3.658321094996635527e-03
1.484633203103792425e-03
6.042752532596379084e-04
6.776730175163843406e-03
-3.385316642759406223e-03
6.165596976635758127e-03
1.736711233549958176e-03
6.209317577856298407e-04
1.354360981276310624e-03
-2.832997085611306184e-02
1.592652771895159552e-02
-5.122281727264764266e-03
3.712580741237077840e-03
