8.201224231052932634e-01
6.083234633187110246e-02
1.260916268981021882e-01
1.425353954803006085e+00
-7.916459546106215106e-02
4.660427033684297893e-01
2.555905941995940955e-02
4.687642697110113582e-02
6.839401869516725796e-02
-2.993236161130150008e-02
1.719285733852241732e-02
-3.579996467903530377e-02
9.279985011607622125e-03
6.839344712858817787e-02
5.859235260108920477e-03
-2.155235714980425696e-02
-1.871108552510898637e-02
3.325671255350999122e-03
2.007668783751631950e-02
1.777468856679981658e-03
-1.322840901271280130e-02
6.121411632699810292e-03
1.798662755935357890e-02
1.754187361385309632e-02
9.567758174226824452e-02
2.984435839366980647e-02
-1.302358717986149550e-01
6.065576187975831729e-02
6.769828609329948954e-02
4.410533191982791978e-02
-2.041601566051739688e-02
-1.272548484226975612e-02
2.200435131966449118e-02
2.139300752713271525e-01
1.215635069662665720e-02
-2.730349462022926277e-01
-3.268009889645332768e-03
2.064040525728135650e-02
-2.959037709962913237e-02
4.254000744115186278e-02
-8.557104857449159691e-03
6.611428327167534480e-02
-5.042573140499750570e-03
-1.398889228715787317e-02
-1.996244005818410827e-02
-1.743462431485883479e-01
3.222792830799179470e-02
3.484804928122144096e-02
1.603225981420521723e-02
1.653373455384302138e-02
2.832533910004143146e-02
-1.585745647947675065e-03
5.966242275607454466e-03
1.451861884067685571e-01
-1.038418569804336750e-01
-4.140738233584377592e-02
-1.673252225056021669e-01
-7.350668573011516493e-02
7.656252029817788018e-02
7.189165280488050286e-03
2.494291140587695868e-02
-5.999217580989391410e-03
7.326383513089088258e-03
-1.411332376201737335e-02
6.839383554256230069e-02
1.430872011442275472e-02
2.988793660925257670e-03
4.352431773357306327e-02
1.074463675343239819e-02
1.078035217534395289e-02
6.839535116761095990e-02
4.505759070104037312e-02
1.360647832983093337e-02
2.410297102222142690e-02
1.323164320831541653e-02
1.302727944411768285e-02
6.698551011434171476e-02
6.227602869032158872e-02
6.838202390050884816e-02
6.839468369472050113e-02
6.840795937039002850e-02
2.919049806298552874e-02
8.814363823017954541e-03
6.840914607495118815e-02
6.712348820784481973e-02
1.874865514012997308e-02
4.943673100533948345e-02
1.057898406904642791e-02
6.839537206811235892e-02
1.363823623475337449e-02
4.417655147986513514e-02
6.839418300624265645e-02
6.838530961056586699e-02
1.336308245740286740e-02
6.832416193266863114e-02
3.045455169933187697e-02
3.391803479413423028e-02
2.102916610651599932e-02
7.095729664932270975e-03
2.273160544684906664e-02
1.484508311903932377e-02
2.483190096165881558e-02
-5.029095909303174516e-02
6.599640111081341021e-02
2.621982795522571560e-02
1.210432215383112041e-02
