-4.096995715725956222e-01
-2.023335391562559177e-02
-1.913336081182763215e-01
1.186487058560252272e+00
1.553781587239862552e-02
-1.090035269083567543e-01
1.322927250525020824e-02
9.700989514919999140e-03
-6.345252092463486093e+00
-2.479137208444329513e-02
1.294959219414826800e-02
-1.248100909902052739e-02
-1.982689546281425630e-02
-6.058271360905343350e+00
-1.413207882090662150e-02
-4.444899980052222088e-02
-7.916729095385353909e-02
-2.122109715233762642e-02
-5.423264688830821412e-02
-1.192296730788977577e-02
-1.781925193078415515e-01
-2.714120528623330253e-02
-4.328117537190623830e-03
-2.787088854187635620e-02
7.852110588802736768e-02
1.643685405142748107e-02
-1.144904437357000260e-01
4.011901192891178386e-02
-7.664179581524420415e-02
2.137647936048295283e-02
-4.317942404370753856e-02
-6.824231176507111751e-02
5.038219162958412854e-04
-1.102593741891688163e-02
-1.073339974861208662e-02
-2.460751076286744610e-01
-7.025898211266844336e-03
-4.577896683542067267e-03
-6.735758053295824721e-02
-6.334993683719300606e+00
-2.354162824477499735e-02
2.360964628362935414e-02
-4.357124764923817756e-02
-3.054114658473218100e-02
-3.677632990594699447e-02
-1.055974962172043230e-01
-5.080204022642961087e-02
7.741809835050846716e-03
-1.107876044220538342e-02
-2.464519905503175651e-02
2.411059796187321486e-03
-3.794398436439301581e-02
-1.414129633384421728e-02
-1.010834820527294065e-03
-1.175075475927921109e-01
-3.975779205954696471e-02
-1.122251390172723934e-01
-6.754163003333402138e-02
6.302379394425672299e-02
-4.788137193872121951e-03
-4.122134992126828996e-03
-2.897210130711623532e-02
6.628968678861892755e-03
-2.709748788973517439e-02
5.410454597986734220e-03
1.002945352427779113e-03
-2.859739943757044333e-03
-3.001577494262670093e-02
-1.421185499346643184e-03
-1.730500779654377957e-02
-2.862571093587423093e-02
-1.123906894281276603e-01
-5.113171619929452079e-03
-6.259825451792169204e+00
-1.924713147353652705e-03
-6.161623454236359265e+00
-4.275129266455593609e-03
-2.668473834509541703e-02
-6.358111106197556595e+00
-6.320886303251366023e+00
-6.291195488208071396e+00
-6.325289015599476095e+00
-3.134547382809588830e-03
5.290724929865373542e-05
-6.264050437186915232e+00
1.648182740171653992e-03
-1.778803109668604301e-03
-8.649230961057604097e-03
-6.314076997045521722e+00
-1.216049181217755681e-02
-4.785579351876692478e+00
-6.314061511440526964e+00
-5.271321336842955474e-04
1.916632933827534758e-03
-3.439617660927390963e-02
-4.090538201333793644e+00
-8.163570765625228348e-03
-6.319878659995355363e+00
-1.170564367024577550e-02
-6.272049469045777722e-04
-7.507767175322431312e-04
-6.301545034953424107e+00
-2.039749243831271569e-03
-2.200069411942850647e-02
-6.313940238918434922e+00
-1.108845963542034845e-02
